config[3]
weights: repulsion=6.5, geometry=0.2, elstat_gb=14.0, pairwise=-2.0
stat_potential: AllWAASP
rotation_step: 6.0

conformation_0[7]
grid_bias: 9 -12 -18
correlation_value: 5932.943
geometry_correlation_value: 11191.776
pairwise_correlation_value: 552.8713
coords_bias: 11.734857 -3.0207539 7.573476
rotation_euler_angle: 5.8643064 5.340708 0.9424778
rotation_rotation_matrix: 0.7303834 -0.59854984 0.32905668 0.19534321 0.64467907 0.7390737 -0.65450835 -0.47552815 0.5877855

conformation_1[7]
grid_bias: 8 -12 -18
correlation_value: 5372.998
geometry_correlation_value: 11016.0
pairwise_correlation_value: 803.5225
coords_bias: 10.734857 -3.0207539 7.573476
rotation_euler_angle: 5.8643064 5.340708 0.9424778
rotation_rotation_matrix: 0.7303834 -0.59854984 0.32905668 0.19534321 0.64467907 0.7390737 -0.65450835 -0.47552815 0.5877855

conformation_2[7]
grid_bias: 2 -8 -24
correlation_value: 5296.752
geometry_correlation_value: 11653.012
pairwise_correlation_value: 352.39893
coords_bias: 22.805185 5.25599 -5.9620914
rotation_euler_angle: 3.3510323 0.9424778 0.31415927
rotation_rotation_matrix: -0.89250946 0.41849047 -0.16820417 -0.3754023 -0.48255283 0.791338 0.25 0.7694209 0.58778524

conformation_3[7]
grid_bias: 5 -35 -2
correlation_value: 5281.6943
geometry_correlation_value: 4777.2524
pairwise_correlation_value: 6.3427734
coords_bias: 38.789104 5.911498 32.8415
rotation_euler_angle: 1.8849556 4.817109 2.3038347
rotation_rotation_matrix: 0.13289465 0.29616457 -0.94584644 -0.66038555 -0.68515897 -0.3073242 -0.73907375 0.6654651 0.10452884

conformation_4[7]
grid_bias: -20 -7 -30
correlation_value: 5217.296
geometry_correlation_value: 742.239
pairwise_correlation_value: -135.10388
coords_bias: -3.738337 42.277504 16.901772
rotation_euler_angle: 0.0 2.3038347 1.7802359
rotation_rotation_matrix: -0.20791174 -0.97814757 0.0 -0.65450853 0.13912013 -0.7431448 0.7269053 -0.15450853 -0.6691307

conformation_5[7]
grid_bias: 8 -46 -9
correlation_value: 5201.0776
geometry_correlation_value: 9679.92
pairwise_correlation_value: -357.7463
coords_bias: 2.679985 -3.0680609 32.22907
rotation_euler_angle: 1.1519173 1.7802359 3.0368729
rotation_rotation_matrix: -0.38465467 -0.2314119 0.8935823 -0.9173805 -1.1389472e-2 -0.39784843 0.102244295 -0.97278917 -0.20791174

conformation_6[7]
grid_bias: 1 -12 -19
correlation_value: 5174.8755
geometry_correlation_value: 15181.75
pairwise_correlation_value: 434.6353
coords_bias: -1.6460085 1.3220863 5.9013376
rotation_euler_angle: 5.340708 5.340708 1.7802359
rotation_rotation_matrix: 0.34292936 -0.6738088 0.65450823 0.5061461 0.719506 0.47552833 -0.79133785 0.1682041 0.5877855

conformation_7[7]
grid_bias: -21 -4 -28
correlation_value: 5130.1265
geometry_correlation_value: 9381.743
pairwise_correlation_value: -61.903946
coords_bias: -1.7695842 43.440895 20.604391
rotation_euler_angle: 6.0737457 2.4085546 1.5707964
rotation_rotation_matrix: -0.15450862 -0.97814757 -0.13912009 -0.7269054 0.20791179 -0.6545083 0.66913044 -2.9248621e-8 -0.7431449

conformation_8[7]
grid_bias: -10 -30 -28
correlation_value: 5120.0205
geometry_correlation_value: 6216.4966
pairwise_correlation_value: -425.56854
coords_bias: -7.6840363 17.423769 17.53083
rotation_euler_angle: 0.31415927 2.1991148 0.31415927
rotation_rotation_matrix: 0.96063703 -0.1211469 0.25 0.12114692 -0.6271483 -0.7694209 0.25 0.7694209 -0.5877852

conformation_9[7]
grid_bias: 8 -45 -9
correlation_value: 5114.567
geometry_correlation_value: 6437.4165
pairwise_correlation_value: -378.4468
coords_bias: 2.679985 -2.0680609 32.22907
rotation_euler_angle: 1.1519173 1.7802359 3.0368729
rotation_rotation_matrix: -0.38465467 -0.2314119 0.8935823 -0.9173805 -1.1389472e-2 -0.39784843 0.102244295 -0.97278917 -0.20791174

conformation_10[7]
grid_bias: 12 -44 -7
correlation_value: 5096.5923
geometry_correlation_value: 4856.1885
pairwise_correlation_value: -397.8343
coords_bias: 4.7715015 -2.893568 31.837595
rotation_euler_angle: 1.2566371 1.6755161 3.0368729
rotation_rotation_matrix: -0.2969327 -0.131169 0.94584656 -0.9492229 -6.728837e-2 -0.30732414 0.10395588 -0.9890738 -0.10452851

conformation_11[7]
grid_bias: 9 -13 -18
correlation_value: 5083.077
geometry_correlation_value: 10472.021
pairwise_correlation_value: 361.75525
coords_bias: 11.734857 -4.020754 7.573476
rotation_euler_angle: 5.8643064 5.340708 0.9424778
rotation_rotation_matrix: 0.7303834 -0.59854984 0.32905668 0.19534321 0.64467907 0.7390737 -0.65450835 -0.47552815 0.5877855

conformation_12[7]
grid_bias: -20 -6 -29
correlation_value: 5078.225
geometry_correlation_value: 1539.7539
pairwise_correlation_value: -204.82817
coords_bias: -2.0972362 43.088104 17.669552
rotation_euler_angle: 6.178466 2.3038347 1.6755161
rotation_rotation_matrix: -0.17351575 -0.98176277 -7.767957e-2 -0.65089345 0.17351563 -0.7390738 0.7390738 -7.767982e-2 -0.6691307

conformation_13[7]
grid_bias: 21 -25 -22
correlation_value: 5066.575
geometry_correlation_value: 14720.217
pairwise_correlation_value: 322.5454
coords_bias: 17.159365 -13.46987 13.58781
rotation_euler_angle: 2.1991148 1.7802359 0.41887903
rotation_rotation_matrix: -0.4685537 0.3927359 0.791338 0.78878003 -0.21741481 0.5749406 0.39784846 0.8935822 -0.20791174

conformation_14[7]
grid_bias: 2 -8 -24
correlation_value: 5063.1016
geometry_correlation_value: 12748.529
pairwise_correlation_value: 175.17322
coords_bias: 18.552647 2.7325478 -4.8428907
rotation_euler_angle: 3.1415927 1.0471976 0.5235988
rotation_rotation_matrix: -0.8660254 0.50000006 -7.5710346e-8 -0.25000006 -0.43301263 0.86602545 0.43301272 0.75 0.49999997

conformation_15[7]
grid_bias: 30 -25 -32
correlation_value: 5062.34
geometry_correlation_value: 9030.99
pairwise_correlation_value: 380.1927
coords_bias: 52.70709 0.89756894 24.666637
rotation_euler_angle: 1.7802359 3.6651917 0.20943952
rotation_rotation_matrix: -2.7246282e-2 0.87181664 -0.48907396 0.9942087 -2.7246162e-2 -0.10395591 -0.10395589 -0.489074 -0.86602527

conformation_16[7]
grid_bias: 13 -35 -24
correlation_value: 5049.598
geometry_correlation_value: 5561.987
pairwise_correlation_value: -668.5198
coords_bias: 14.531588 14.833422 9.420311
rotation_euler_angle: 0.7330383 1.5707964 2.5132742
rotation_rotation_matrix: -0.60121685 -0.43680954 0.6691306 -0.5413381 -0.39330503 -0.7431448 0.5877852 -0.80901706 -4.371139e-8

conformation_17[7]
grid_bias: 9 -46 -9
correlation_value: 5046.7607
geometry_correlation_value: 8861.425
pairwise_correlation_value: -404.33508
coords_bias: 3.679985 -3.0680609 32.22907
rotation_euler_angle: 1.1519173 1.7802359 3.0368729
rotation_rotation_matrix: -0.38465467 -0.2314119 0.8935823 -0.9173805 -1.1389472e-2 -0.39784843 0.102244295 -0.97278917 -0.20791174

conformation_18[7]
grid_bias: 7 -31 -32
correlation_value: 5031.292
geometry_correlation_value: 13059.017
pairwise_correlation_value: 112.3656
coords_bias: 37.719437 7.7239103 15.703582
rotation_euler_angle: 2.3038347 4.29351 0.31415927
rotation_rotation_matrix: -0.5429763 0.49424314 -0.67889655 0.7908748 2.919513e-2 -0.6112813 -0.28230107 -0.86883336 -0.40673664

conformation_19[7]
grid_bias: 2 -27 -33
correlation_value: 5023.3276
geometry_correlation_value: 8288.039
pairwise_correlation_value: 313.03802
coords_bias: 35.593346 5.3112836 13.793688
rotation_euler_angle: 1.9896754 4.29351 0.10471976
rotation_rotation_matrix: -0.36566865 0.41205245 -0.8345653 0.9258336 6.903696e-2 -0.37157246 -9.54915e-2 -0.90854096 -0.40673664

conformation_20[7]
grid_bias: -20 -7 -31
correlation_value: 5010.1772
geometry_correlation_value: 6456.4873
pairwise_correlation_value: -37.058193
coords_bias: -3.738337 42.277504 15.9017725
rotation_euler_angle: 0.0 2.3038347 1.7802359
rotation_rotation_matrix: -0.20791174 -0.97814757 0.0 -0.65450853 0.13912013 -0.7431448 0.7269053 -0.15450853 -0.6691307

conformation_21[7]
grid_bias: -21 -6 -29
correlation_value: 5006.0127
geometry_correlation_value: 4543.5107
pairwise_correlation_value: -125.96758
coords_bias: -3.0972362 43.088104 17.669552
rotation_euler_angle: 6.178466 2.3038347 1.6755161
rotation_rotation_matrix: -0.17351575 -0.98176277 -7.767957e-2 -0.65089345 0.17351563 -0.7390738 0.7390738 -7.767982e-2 -0.6691307

conformation_22[7]
grid_bias: -21 -6 -30
correlation_value: 4995.503
geometry_correlation_value: 8634.246
pairwise_correlation_value: -79.835724
coords_bias: -3.0972362 43.088104 16.669552
rotation_euler_angle: 6.178466 2.3038347 1.6755161
rotation_rotation_matrix: -0.17351575 -0.98176277 -7.767957e-2 -0.65089345 0.17351563 -0.7390738 0.7390738 -7.767982e-2 -0.6691307

conformation_23[7]
grid_bias: -7 -33 -26
correlation_value: 4979.2
geometry_correlation_value: 18919.004
pairwise_correlation_value: 465.41376
coords_bias: 24.083956 11.495115 10.971254
rotation_euler_angle: 2.5132742 4.712389 0.0
rotation_rotation_matrix: -0.80901706 -7.0092683e-9 -0.5877852 0.5877852 -9.647432e-9 -0.80901706 -0.0 -1.0 1.1924881e-8

conformation_24[7]
grid_bias: 0 -12 -19
correlation_value: 4970.283
geometry_correlation_value: 15888.002
pairwise_correlation_value: 497.06805
coords_bias: -2.0929327 -0.5649643 8.496592
rotation_euler_angle: 5.4454274 5.2359877 1.6755161
rotation_rotation_matrix: 0.29959357 -0.70430505 0.6435823 0.41041234 0.70410216 0.5794842 -0.8612813 9.0524346e-2 0.4999999

conformation_25[7]
grid_bias: -21 -6 -28
correlation_value: 4967.3164
geometry_correlation_value: 2269.2417
pairwise_correlation_value: -143.43484
coords_bias: -1.4917722 42.747894 18.478664
rotation_euler_angle: 6.0737457 2.3038347 1.5707964
rotation_rotation_matrix: -0.13912018 -0.97814757 -0.15450855 -0.65450853 0.20791179 -0.7269053 0.7431448 -3.2483893e-8 -0.6691307

conformation_26[7]
grid_bias: 12 -15 -25
correlation_value: 4965.8066
geometry_correlation_value: 12730.952
pairwise_correlation_value: -30.955223
coords_bias: 18.735151 -9.091059 5.240581
rotation_euler_angle: 2.7227137 1.5707964 0.5235988
rotation_rotation_matrix: -0.7911536 0.45677277 0.40673658 0.35224423 -0.20336826 0.9135455 0.5 0.8660254 -4.371139e-8

conformation_27[7]
grid_bias: -32 -33 -17
correlation_value: 4963.6353
geometry_correlation_value: 1593.5013
pairwise_correlation_value: -41.788254
coords_bias: -22.50762 -7.1871696 41.442585
rotation_euler_angle: 0.0 3.455752 0.5235988
rotation_rotation_matrix: 0.8660254 -0.5 -0.0 -0.47552827 -0.8236391 0.30901697 -0.15450849 -0.26761654 -0.95105654

conformation_28[7]
grid_bias: 2 -8 -24
correlation_value: 4950.605
geometry_correlation_value: 13078.768
pairwise_correlation_value: 225.06842
coords_bias: 20.887093 3.0518627 -4.501729
rotation_euler_angle: 3.2463126 1.0471976 0.41887903
rotation_rotation_matrix: -0.8872831 0.45225433 -9.052449e-2 -0.2977459 -0.4117548 0.8612812 0.3522443 0.7911536 0.49999997

conformation_29[7]
grid_bias: -21 -6 -29
correlation_value: 4938.079
geometry_correlation_value: 5158.7515
pairwise_correlation_value: -63.064117
coords_bias: -1.4917722 42.747894 17.478664
rotation_euler_angle: 6.0737457 2.3038347 1.5707964
rotation_rotation_matrix: -0.13912018 -0.97814757 -0.15450855 -0.65450853 0.20791179 -0.7269053 0.7431448 -3.2483893e-8 -0.6691307

conformation_30[7]
grid_bias: 9 -45 -7
correlation_value: 4936.3545
geometry_correlation_value: 6014.9395
pairwise_correlation_value: -404.18817
coords_bias: 3.1782436 -1.8446712 31.837595
rotation_euler_angle: 1.1519173 1.6755161 3.0368729
rotation_rotation_matrix: -0.39452687 -0.137484 0.908541 -0.9129851 -5.320887e-2 -0.40450847 0.10395588 -0.9890738 -0.10452851

conformation_31[7]
grid_bias: -20 -4 -28
correlation_value: 4934.6875
geometry_correlation_value: 5314.7266
pairwise_correlation_value: -36.799362
coords_bias: -0.7695842 43.440895 20.604391
rotation_euler_angle: 6.0737457 2.4085546 1.5707964
rotation_rotation_matrix: -0.15450862 -0.97814757 -0.13912009 -0.7269054 0.20791179 -0.6545083 0.66913044 -2.9248621e-8 -0.7431449

conformation_32[7]
grid_bias: -1 -33 -30
correlation_value: 4921.9243
geometry_correlation_value: 10797.237
pairwise_correlation_value: 27.36901
coords_bias: 9.327343 19.632113 4.0233765
rotation_euler_angle: 0.10471976 1.7802359 1.1519173
rotation_rotation_matrix: 0.42436227 -0.89970154 0.102244265 -0.14638078 -0.17959356 -0.97278917 0.8935823 0.39784843 -0.20791174

conformation_33[7]
grid_bias: 25 -27 -35
correlation_value: 4921.9
geometry_correlation_value: 6023.761
pairwise_correlation_value: -167.31439
coords_bias: 51.689693 -1.644278 19.340685
rotation_euler_angle: 1.6755161 3.874631 0.20943952
rotation_rotation_matrix: 5.1417775e-2 0.74465597 -0.66546506 0.98893976 -0.13079041 -6.994323e-2 -0.13912009 -0.65450853 -0.7431448

conformation_34[7]
grid_bias: 1 -12 -19
correlation_value: 4901.7524
geometry_correlation_value: 13997.242
pairwise_correlation_value: 413.75635
coords_bias: -1.0929327 -0.5649643 8.496592
rotation_euler_angle: 5.4454274 5.2359877 1.6755161
rotation_rotation_matrix: 0.29959357 -0.70430505 0.6435823 0.41041234 0.70410216 0.5794842 -0.8612813 9.0524346e-2 0.4999999

conformation_35[7]
grid_bias: 12 -35 -25
correlation_value: 4888.343
geometry_correlation_value: 10221.252
pairwise_correlation_value: -528.41656
coords_bias: 13.531588 14.833422 8.420311
rotation_euler_angle: 0.7330383 1.5707964 2.5132742
rotation_rotation_matrix: -0.60121685 -0.43680954 0.6691306 -0.5413381 -0.39330503 -0.7431448 0.5877852 -0.80901706 -4.371139e-8

conformation_36[7]
grid_bias: 1 -31 5
correlation_value: 4871.292
geometry_correlation_value: 10010.706
pairwise_correlation_value: 385.39294
coords_bias: 15.83885 -1.4543154 15.790548
rotation_euler_angle: 3.3510323 0.20943952 0.83775806
rotation_rotation_matrix: -0.50337625 0.8629854 -4.3227293e-2 -0.8501409 -0.48569727 0.20336832 0.15450852 0.13912007 0.9781476

conformation_37[7]
grid_bias: 0 -12 -18
correlation_value: 4865.6924
geometry_correlation_value: 13396.008
pairwise_correlation_value: 643.39667
coords_bias: -2.0929327 -0.5649643 9.496592
rotation_euler_angle: 5.4454274 5.2359877 1.6755161
rotation_rotation_matrix: 0.29959357 -0.70430505 0.6435823 0.41041234 0.70410216 0.5794842 -0.8612813 9.0524346e-2 0.4999999

conformation_38[7]
grid_bias: -14 -36 -22
correlation_value: 4865.257
geometry_correlation_value: 12025.766
pairwise_correlation_value: -187.92816
coords_bias: -10.170502 -5.7470465 -9.415649
rotation_euler_angle: 1.2566371 0.62831855 0.9424778
rotation_rotation_matrix: -0.440839 -0.70225424 0.559017 0.76127124 -0.6224746 -0.18163562 0.47552827 0.3454915 0.809017

conformation_39[7]
grid_bias: 16 -27 -25
correlation_value: 4861.3247
geometry_correlation_value: 14838.443
pairwise_correlation_value: 49.727463
coords_bias: 10.681252 -12.95583 15.146497
rotation_euler_angle: 2.0943952 1.9896754 0.5235988
rotation_rotation_matrix: -0.2568906 0.5550525 0.79115355 0.8516842 -0.25689054 0.45677277 0.4567727 0.79115355 -0.4067367

conformation_40[7]
grid_bias: 15 -34 -27
correlation_value: 4855.6587
geometry_correlation_value: 14947.992
pairwise_correlation_value: 34.974556
coords_bias: 24.035814 18.450254 8.58781
rotation_euler_angle: 0.0 1.7802359 0.41887903
rotation_rotation_matrix: 0.9135454 -0.40673664 0.0 -8.456533e-2 -0.18993683 -0.97814757 0.39784846 0.8935822 -0.20791174

conformation_41[7]
grid_bias: 16 -27 -24
correlation_value: 4855.4683
geometry_correlation_value: 14652.445
pairwise_correlation_value: 29.797852
coords_bias: 10.681252 -12.95583 16.146496
rotation_euler_angle: 2.0943952 1.9896754 0.5235988
rotation_rotation_matrix: -0.2568906 0.5550525 0.79115355 0.8516842 -0.25689054 0.45677277 0.4567727 0.79115355 -0.4067367

conformation_42[7]
grid_bias: 0 -8 -21
correlation_value: 4843.9946
geometry_correlation_value: 8637.999
pairwise_correlation_value: 404.94196
coords_bias: -3.7698116 5.757517 5.1571827
rotation_euler_angle: 5.2359877 5.2359877 2.0943952
rotation_rotation_matrix: 0.124999955 -0.64951897 0.75000006 0.6495191 0.625 0.43301263 -0.75 0.43301278 0.4999999

conformation_43[7]
grid_bias: 0 -12 -19
correlation_value: 4843.6587
geometry_correlation_value: 15794.744
pairwise_correlation_value: 449.66776
coords_bias: -2.6460085 1.3220863 5.9013376
rotation_euler_angle: 5.340708 5.340708 1.7802359
rotation_rotation_matrix: 0.34292936 -0.6738088 0.65450823 0.5061461 0.719506 0.47552833 -0.79133785 0.1682041 0.5877855

conformation_44[7]
grid_bias: 11 -42 -22
correlation_value: 4843.511
geometry_correlation_value: 8238.444
pairwise_correlation_value: -221.45197
coords_bias: 12.726058 -2.0543156 30.856663
rotation_euler_angle: 1.1519173 2.4085546 2.9321532
rotation_rotation_matrix: -0.25669795 -0.74862653 0.6112811 -0.9564266 0.10572235 -0.27215984 0.13911998 -0.65450835 -0.7431449

conformation_45[7]
grid_bias: 17 -34 -24
correlation_value: 4839.291
geometry_correlation_value: 16337.002
pairwise_correlation_value: 219.13306
coords_bias: 24.03077 17.945395 8.710116
rotation_euler_angle: 0.10471976 1.6755161 0.5235988
rotation_rotation_matrix: 0.86674434 -0.4877986 0.10395585 3.8546354e-2 -0.14229268 -0.9890738 0.49726096 0.8612812 -0.10452851

conformation_46[7]
grid_bias: -22 -6 -29
correlation_value: 4837.0483
geometry_correlation_value: 7696.0
pairwise_correlation_value: 117.92534
coords_bias: -1.5328426 42.15459 17.901772
rotation_euler_angle: 6.0737457 2.3038347 1.7802359
rotation_rotation_matrix: -0.3394484 -0.927848 -0.15450855 -0.5969786 0.3394484 -0.7269053 0.7269053 -0.15450853 -0.6691307

conformation_47[7]
grid_bias: 4 0 -32
correlation_value: 4832.7676
geometry_correlation_value: 6442.2456
pairwise_correlation_value: -134.73128
coords_bias: 15.023458 24.38324 -20.81634
rotation_euler_angle: 3.9793508 0.20943952 2.0943952
rotation_rotation_matrix: 0.9640838 0.21603125 -0.15450852 -0.19524845 0.9708366 0.13912006 0.18005681 -0.103955865 0.9781476

conformation_48[7]
grid_bias: 2 -8 -24
correlation_value: 4824.1777
geometry_correlation_value: 9574.008
pairwise_correlation_value: 501.4076
coords_bias: 24.811972 5.998378 -5.573555
rotation_euler_angle: 3.455752 0.9424778 0.20943952
rotation_rotation_matrix: -0.8925095 0.37540224 -0.24999999 -0.41849038 -0.48255292 0.7694209 0.1682041 0.7913381 0.58778524

conformation_49[7]
grid_bias: 11 -34 -28
correlation_value: 4824.131
geometry_correlation_value: 8351.251
pairwise_correlation_value: -283.8892
coords_bias: 21.745909 18.62802 8.4874735
rotation_euler_angle: 6.178466 1.7802359 0.20943952
rotation_rotation_matrix: 0.9682708 -0.22803047 -0.10224398 -0.14523447 -0.18052168 -0.97278917 0.20336832 0.95677274 -0.20791174

conformation_50[7]
grid_bias: 1 -31 6
correlation_value: 4821.393
geometry_correlation_value: 15519.699
pairwise_correlation_value: 349.98218
coords_bias: 19.170805 -2.5936909 17.266016
rotation_euler_angle: 3.7699113 0.31415927 0.41887903
rotation_rotation_matrix: -0.511701 0.8397443 -0.18163568 -0.8499203 -0.46382704 0.24999999 0.12568854 0.28230107 0.95105654

conformation_51[7]
grid_bias: -21 -4 -27
correlation_value: 4820.504
geometry_correlation_value: 3390.249
pairwise_correlation_value: -113.466064
coords_bias: -1.7695842 43.440895 21.604391
rotation_euler_angle: 6.0737457 2.4085546 1.5707964
rotation_rotation_matrix: -0.15450862 -0.97814757 -0.13912009 -0.7269054 0.20791179 -0.6545083 0.66913044 -2.9248621e-8 -0.7431449

conformation_52[7]
grid_bias: -3 -24 -13
correlation_value: 4816.5654
geometry_correlation_value: 7112.4814
pairwise_correlation_value: 43.625328
coords_bias: 0.23145962 -13.916643 10.074687
rotation_euler_angle: 5.550147 5.340708 2.3038347
rotation_rotation_matrix: -0.20497829 -0.81543684 0.5413379 0.7723487 0.20497808 0.6012167 -0.6012167 0.54133797 0.5877855

conformation_53[7]
grid_bias: 0 -31 6
correlation_value: 4814.594
geometry_correlation_value: 14545.695
pairwise_correlation_value: 314.6832
coords_bias: 18.750528 -2.6891675 17.40183
rotation_euler_angle: 3.7699113 0.31415927 0.31415927
rotation_rotation_matrix: -0.59667504 0.78165686 -0.18163568 -0.79678124 -0.5501271 0.24999999 9.5491506e-2 0.29389265 0.95105654

conformation_54[7]
grid_bias: 5 -33 -30
correlation_value: 4812.538
geometry_correlation_value: 12916.49
pairwise_correlation_value: 53.309334
coords_bias: 36.64147 6.554118 15.557745
rotation_euler_angle: 2.3038347 4.3982296 0.31415927
rotation_rotation_matrix: -0.56541705 0.42517763 -0.7067727 0.77066904 -3.2991752e-2 -0.6363811 -0.29389262 -0.9045085 -0.3090171

conformation_55[7]
grid_bias: 10 -12 -18
correlation_value: 4807.5513
geometry_correlation_value: 10574.77
pairwise_correlation_value: 647.9123
coords_bias: 14.336183 -3.7122498 7.432561
rotation_euler_angle: 5.969026 5.340708 0.83775806
rotation_rotation_matrix: 0.7713626 -0.5852348 0.24999991 0.2086581 0.6036999 0.76942074 -0.6012167 -0.5413379 0.5877855

conformation_56[7]
grid_bias: -6 -33 -25
correlation_value: 4794.3574
geometry_correlation_value: 4863.2354
pairwise_correlation_value: -7.9613724
coords_bias: 6.7305813 18.243994 18.293964
rotation_euler_angle: 3.3510323 4.5029497 0.31415927
rotation_rotation_matrix: -0.9436316 0.26115268 0.20336843 -0.13489166 0.25766283 -0.95677274 -0.30226424 -0.9302737 -0.20791145

conformation_57[7]
grid_bias: -21 -8 -28
correlation_value: 4791.6826
geometry_correlation_value: 1112.2631
pairwise_correlation_value: -305.33173
coords_bias: -3.6218657 41.31607 18.478664
rotation_euler_angle: 6.178466 2.3038347 1.5707964
rotation_rotation_matrix: -6.9943056e-2 -0.9945219 -7.767957e-2 -0.6654651 0.1045282 -0.7390738 0.7431448 -3.2483893e-8 -0.6691307

conformation_58[7]
grid_bias: 6 -32 -32
correlation_value: 4787.527
geometry_correlation_value: 12955.256
pairwise_correlation_value: 90.792984
coords_bias: 36.719437 6.7239103 15.703582
rotation_euler_angle: 2.3038347 4.29351 0.31415927
rotation_rotation_matrix: -0.5429763 0.49424314 -0.67889655 0.7908748 2.919513e-2 -0.6112813 -0.28230107 -0.86883336 -0.40673664

conformation_59[7]
grid_bias: 11 -32 -31
correlation_value: 4786.411
geometry_correlation_value: 11939.239
pairwise_correlation_value: -109.92569
coords_bias: 21.713915 20.323616 7.9397626
rotation_euler_angle: 6.178466 1.8849556 0.20943952
rotation_rotation_matrix: 0.96607345 -0.23836789 -9.9412195e-2 -0.16614029 -0.2788758 -0.9458465 0.19773577 0.93027365 -0.30901703

conformation_60[7]
grid_bias: -15 -36 -22
correlation_value: 4785.628
geometry_correlation_value: 14030.503
pairwise_correlation_value: -81.3134
coords_bias: -11.170502 -5.7470465 -9.415649
rotation_euler_angle: 1.2566371 0.62831855 0.9424778
rotation_rotation_matrix: -0.440839 -0.70225424 0.559017 0.76127124 -0.6224746 -0.18163562 0.47552827 0.3454915 0.809017

conformation_61[7]
grid_bias: 9 -31 -30
correlation_value: 4782.368
geometry_correlation_value: 10631.236
pairwise_correlation_value: 439.03894
coords_bias: 38.14927 9.6623125 18.105091
rotation_euler_angle: 2.4085546 4.29351 0.41887903
rotation_rotation_matrix: -0.5681993 0.5508947 -0.61128104 0.734223 3.972262e-3 -0.67889667 -0.3715724 -0.8345653 -0.40673664

conformation_62[7]
grid_bias: -23 -6 -29
correlation_value: 4781.9033
geometry_correlation_value: 7505.5024
pairwise_correlation_value: 43.663757
coords_bias: -2.5328426 42.15459 17.901772
rotation_euler_angle: 6.0737457 2.3038347 1.7802359
rotation_rotation_matrix: -0.3394484 -0.927848 -0.15450855 -0.5969786 0.3394484 -0.7269053 0.7269053 -0.15450853 -0.6691307

conformation_63[7]
grid_bias: -6 -33 -26
correlation_value: 4770.065
geometry_correlation_value: 18198.504
pairwise_correlation_value: 436.04346
coords_bias: 25.083956 11.495115 10.971254
rotation_euler_angle: 2.5132742 4.712389 0.0
rotation_rotation_matrix: -0.80901706 -7.0092683e-9 -0.5877852 0.5877852 -9.647432e-9 -0.80901706 -0.0 -1.0 1.1924881e-8

conformation_64[7]
grid_bias: 6 -46 -7
correlation_value: 4768.9214
geometry_correlation_value: 6973.422
pairwise_correlation_value: -329.51083
coords_bias: 1.7914486 -0.95404434 31.837595
rotation_euler_angle: 1.0471976 1.6755161 3.0368729
rotation_rotation_matrix: -0.48779854 -0.14229268 0.8612813 -0.8667444 -3.8546395e-2 -0.49726093 0.10395588 -0.9890738 -0.10452851

conformation_65[7]
grid_bias: 2 -8 -24
correlation_value: 4768.7305
geometry_correlation_value: 10951.015
pairwise_correlation_value: 201.08218
coords_bias: 19.00921 2.5355778 -4.501729
rotation_euler_angle: 3.1415927 1.0471976 0.41887903
rotation_rotation_matrix: -0.9135454 0.40673667 -7.5710346e-8 -0.20336838 -0.45677266 0.86602545 0.3522443 0.7911536 0.49999997

conformation_66[7]
grid_bias: 13 -29 -25
correlation_value: 4766.418
geometry_correlation_value: 14915.406
pairwise_correlation_value: -42.97329
coords_bias: 5.0329075 -10.821987 15.146497
rotation_euler_angle: 1.8849556 1.9896754 0.5235988
rotation_rotation_matrix: -7.420181e-2 0.48951274 0.8688333 0.8864833 -0.36667874 0.2823011 0.4567727 0.79115355 -0.4067367

conformation_67[7]
grid_bias: 11 -35 -25
correlation_value: 4766.2866
geometry_correlation_value: 9571.981
pairwise_correlation_value: -537.749
coords_bias: 12.531588 14.833422 8.420311
rotation_euler_angle: 0.7330383 1.5707964 2.5132742
rotation_rotation_matrix: -0.60121685 -0.43680954 0.6691306 -0.5413381 -0.39330503 -0.7431448 0.5877852 -0.80901706 -4.371139e-8

conformation_68[7]
grid_bias: -14 -36 -24
correlation_value: 4766.0815
geometry_correlation_value: 5931.2617
pairwise_correlation_value: -184.60141
coords_bias: -5.0898924 -5.8174925 -12.893175
rotation_euler_angle: 1.0471976 0.41887903 1.0471976
rotation_rotation_matrix: -0.43515918 -0.82858944 0.3522443 0.82858944 -0.5216137 -0.2033683 0.3522443 0.2033683 0.9135454

conformation_69[7]
grid_bias: 28 -25 -34
correlation_value: 4764.253
geometry_correlation_value: 8278.005
pairwise_correlation_value: 142.63351
coords_bias: 53.033127 -0.13259602 21.31459
rotation_euler_angle: 1.6755161 3.7699113 0.10471976
rotation_rotation_matrix: -1.9853853e-2 0.8111037 -0.5845654 0.9979133 -1.985377e-2 -6.1440326e-2 -6.14403e-2 -0.5845654 -0.80901694

conformation_70[7]
grid_bias: -5 -34 -25
correlation_value: 4762.7363
geometry_correlation_value: 6084.76
pairwise_correlation_value: -85.78523
coords_bias: 7.7305813 17.243994 18.293964
rotation_euler_angle: 3.3510323 4.5029497 0.31415927
rotation_rotation_matrix: -0.9436316 0.26115268 0.20336843 -0.13489166 0.25766283 -0.95677274 -0.30226424 -0.9302737 -0.20791145

conformation_71[7]
grid_bias: 3 -44 -21
correlation_value: 4762.077
geometry_correlation_value: 7804.4526
pairwise_correlation_value: -157.78484
coords_bias: 9.551832 -1.7154713 32.60811
rotation_euler_angle: 0.83775806 2.5132742 2.7227137
rotation_rotation_matrix: -0.36674434 -0.8213988 0.43680954 -0.8990786 0.1922727 -0.39330503 0.23907374 -0.5369685 -0.80901706

conformation_72[7]
grid_bias: -17 -25 -28
correlation_value: 4760.8213
geometry_correlation_value: 12620.993
pairwise_correlation_value: -154.36761
coords_bias: 16.860958 10.365576 16.872894
rotation_euler_angle: 1.7802359 4.5029497 1.5707964
rotation_rotation_matrix: 0.2033681 0.20791173 -0.95677274 4.3227192e-2 -0.97814757 -0.20336838 -0.9781476 4.275619e-8 -0.20791145

conformation_73[7]
grid_bias: 15 -34 -26
correlation_value: 4760.788
geometry_correlation_value: 12078.004
pairwise_correlation_value: -22.173561
coords_bias: 24.035814 18.450254 9.58781
rotation_euler_angle: 0.0 1.7802359 0.41887903
rotation_rotation_matrix: 0.9135454 -0.40673664 0.0 -8.456533e-2 -0.18993683 -0.97814757 0.39784846 0.8935822 -0.20791174

conformation_74[7]
grid_bias: -4 -18 -35
correlation_value: 4758.853
geometry_correlation_value: 10538.264
pairwise_correlation_value: 75.87003
coords_bias: 24.773533 10.671489 18.015404
rotation_euler_angle: 1.4660766 4.0840707 1.4660766
rotation_rotation_matrix: 0.592289 -4.2852137e-2 -0.8045853 4.2852137e-2 -0.99549603 8.456528e-2 -0.8045853 -8.456528e-2 -0.58778507

conformation_75[7]
grid_bias: -3 -38 -19
correlation_value: 4755.5854
geometry_correlation_value: 8222.25
pairwise_correlation_value: -22.510626
coords_bias: -0.3650694 -21.267857 -2.3386211
rotation_euler_angle: 2.3038347 0.9424778 0.83775806
rotation_rotation_matrix: -0.7723485 0.20497844 0.6012168 0.2049782 -0.8154368 0.5413381 0.60121685 0.541338 0.58778524

conformation_76[7]
grid_bias: 1 -11 -19
correlation_value: 4755.413
geometry_correlation_value: 13601.277
pairwise_correlation_value: 589.45374
coords_bias: -1.6460085 2.3220863 5.9013376
rotation_euler_angle: 5.340708 5.340708 1.7802359
rotation_rotation_matrix: 0.34292936 -0.6738088 0.65450823 0.5061461 0.719506 0.47552833 -0.79133785 0.1682041 0.5877855

conformation_77[7]
grid_bias: 11 -32 -16
correlation_value: 4745.1665
geometry_correlation_value: 7446.0156
pairwise_correlation_value: -160.51854
coords_bias: 3.096426 6.34789 11.769087
rotation_euler_angle: 4.5029497 5.131268 0.10471976
rotation_rotation_matrix: -0.16518599 0.41740173 0.8935823 -0.9816287 1.814232e-2 -0.18993655 -9.54915e-2 -0.90854096 0.40673667

conformation_78[7]
grid_bias: 18 -27 -22
correlation_value: 4744.6045
geometry_correlation_value: 10541.729
pairwise_correlation_value: -235.6718
coords_bias: 15.71846 -14.847477 21.265774
rotation_euler_angle: 2.1991148 2.0943952 0.31415927
rotation_rotation_matrix: -0.4340169 0.56634617 0.70062923 0.86023873 2.9508501e-2 0.5090369 0.26761657 0.8236391 -0.50000006

conformation_79[7]
grid_bias: 7 -34 -28
correlation_value: 4742.8403
geometry_correlation_value: 14905.749
pairwise_correlation_value: 204.21187
coords_bias: 37.008217 7.616268 17.97574
rotation_euler_angle: 2.4085546 4.3982296 0.41887903
rotation_rotation_matrix: -0.59479463 0.49116057 -0.63638085 0.70468587 -6.2369198e-2 -0.7067728 -0.38682953 -0.8688333 -0.3090171

conformation_80[7]
grid_bias: 7 0 -33
correlation_value: 4741.0313
geometry_correlation_value: 9170.467
pairwise_correlation_value: -92.313156
coords_bias: 19.792633 23.320366 -21.680765
rotation_euler_angle: 3.9793508 0.31415927 1.9896754
rotation_rotation_matrix: 0.917829 0.32381067 -0.2296444 -0.2790986 0.9377361 0.2067727 0.28230107 -0.12568855 0.95105654

conformation_81[7]
grid_bias: -11 -30 -27
correlation_value: 4739.895
geometry_correlation_value: 5347.9956
pairwise_correlation_value: -438.47507
coords_bias: -8.684036 17.423769 18.53083
rotation_euler_angle: 0.31415927 2.1991148 0.31415927
rotation_rotation_matrix: 0.96063703 -0.1211469 0.25 0.12114692 -0.6271483 -0.7694209 0.25 0.7694209 -0.5877852

conformation_82[7]
grid_bias: 20 -30 -23
correlation_value: 4738.8755
geometry_correlation_value: 6190.0293
pairwise_correlation_value: -289.9024
coords_bias: 44.29031 9.424598 30.188139
rotation_euler_angle: 2.3038347 4.0840707 1.2566371
rotation_rotation_matrix: 0.20865771 0.7713626 -0.60121685 0.6036997 -0.5852348 -0.5413382 -0.76942104 -0.25000003 -0.58778507

conformation_83[7]
grid_bias: 27 -27 -33
correlation_value: 4738.199
geometry_correlation_value: 6585.0117
pairwise_correlation_value: 142.39764
coords_bias: 51.585503 -1.8654375 22.617739
rotation_euler_angle: 1.6755161 3.7699113 0.20943952
rotation_rotation_matrix: 6.5038346e-2 0.80873567 -0.5845654 0.99037135 -0.12405536 -6.1440326e-2 -0.122207455 -0.57494086 -0.80901694

conformation_84[7]
grid_bias: -20 -5 -30
correlation_value: 4731.111
geometry_correlation_value: 4171.9883
pairwise_correlation_value: 17.499191
coords_bias: -3.738337 42.899162 18.98536
rotation_euler_angle: 0.0 2.4085546 1.7802359
rotation_rotation_matrix: -0.20791174 -0.97814757 0.0 -0.7269054 0.15450856 -0.66913044 0.6545083 -0.13912007 -0.7431449

conformation_85[7]
grid_bias: 7 -27 -7
correlation_value: 4730.0996
geometry_correlation_value: 15789.737
pairwise_correlation_value: 607.5558
coords_bias: 30.764912 -1.1672266 6.428505
rotation_euler_angle: 4.0840707 0.62831855 0.41887903
rotation_rotation_matrix: -0.27075574 0.83699703 -0.47552833 -0.93248856 -0.105359614 0.34549138 0.2390738 0.5369685 0.809017

conformation_86[7]
grid_bias: -21 -8 -30
correlation_value: 4727.0576
geometry_correlation_value: 4685.9976
pairwise_correlation_value: -197.85068
coords_bias: -2.9793725 42.209503 14.432717
rotation_euler_angle: 6.178466 2.1991148 1.6755161
rotation_rotation_matrix: -0.16505943 -0.9826516 -8.456507e-2 -0.5704367 0.1650593 -0.80458516 0.80458516 -8.456534e-2 -0.5877852

conformation_87[7]
grid_bias: 10 -31 -17
correlation_value: 4724.897
geometry_correlation_value: 9155.699
pairwise_correlation_value: -139.37144
coords_bias: 2.9224548 9.250103 11.240244
rotation_euler_angle: 4.3982296 5.131268 0.20943952
rotation_rotation_matrix: -0.22183794 0.4426247 0.8688333 -0.95640576 7.4793786e-2 -0.28230116 -0.18993679 -0.8935823 0.40673667

conformation_88[7]
grid_bias: -5 -23 -13
correlation_value: 4724.2456
geometry_correlation_value: 8856.502
pairwise_correlation_value: 148.16422
coords_bias: -5.906475 -8.923128 8.678614
rotation_euler_angle: 5.2359877 5.340708 2.6179938
rotation_rotation_matrix: -0.17849398 -0.6908391 0.7006292 0.8969464 0.17849427 0.40450835 -0.40450847 0.7006291 0.5877855

conformation_89[7]
grid_bias: 4 -30 -18
correlation_value: 4723.9546
geometry_correlation_value: 15979.51
pairwise_correlation_value: 778.3593
coords_bias: 30.109783 18.460396 12.460803
rotation_euler_angle: 2.5132742 5.131268 1.3613569
rotation_rotation_matrix: -0.40205353 0.7416319 -0.53696847 -0.19965886 -0.6433554 -0.7390738 -0.8935823 -0.18993674 0.40673667

conformation_90[7]
grid_bias: 1 -35 -16
correlation_value: 4716.2397
geometry_correlation_value: 12699.757
pairwise_correlation_value: 46.208946
coords_bias: 34.088 4.404071 26.739758
rotation_euler_angle: 1.9896754 4.6076694 1.4660766
rotation_rotation_matrix: 5.245273e-2 0.41449013 -0.90854096 0.13777407 -0.9040969 -0.40450856 -0.9890738 -0.103955805 -0.10452834

conformation_91[7]
grid_bias: 3 -8 -24
correlation_value: 4715.8296
geometry_correlation_value: 10292.262
pairwise_correlation_value: 499.05475
coords_bias: 25.811972 5.998378 -5.573555
rotation_euler_angle: 3.455752 0.9424778 0.20943952
rotation_rotation_matrix: -0.8925095 0.37540224 -0.24999999 -0.41849038 -0.48255292 0.7694209 0.1682041 0.7913381 0.58778524

conformation_92[7]
grid_bias: 0 -46 -11
correlation_value: 4714.635
geometry_correlation_value: 5421.694
pairwise_correlation_value: -138.26924
coords_bias: -2.9138346 0.563385 26.516838
rotation_euler_angle: 4.0840707 4.712389 0.10471976
rotation_rotation_matrix: -0.5845651 6.144028e-2 0.8090171 -0.8045853 8.456531e-2 -0.58778507 -0.104528464 -0.9945219 1.1924881e-8

conformation_93[7]
grid_bias: 6 -47 -17
correlation_value: 4712.0107
geometry_correlation_value: 9126.691
pairwise_correlation_value: -131.77068
coords_bias: 11.285395 -1.1669064 32.862095
rotation_euler_angle: 0.7330383 2.3038347 2.6179938
rotation_rotation_matrix: -0.41971433 -0.759323 0.49726096 -0.8281146 9.60753e-2 -0.5522642 0.37157243 -0.6435823 -0.6691307

conformation_94[7]
grid_bias: 10 -28 -32
correlation_value: 4708.3726
geometry_correlation_value: 8800.721
pairwise_correlation_value: -199.60327
coords_bias: 20.299109 -13.44039 22.09351
rotation_euler_angle: 3.1415927 2.7227137 1.6755161
rotation_rotation_matrix: 0.10452843 0.9945219 -3.5558042e-8 0.908541 -9.549146e-2 0.40673658 0.40450844 -4.251557e-2 -0.9135455

conformation_95[7]
grid_bias: -7 -33 -27
correlation_value: 4707.3477
geometry_correlation_value: 19752.762
pairwise_correlation_value: 415.36084
coords_bias: 24.083956 11.495115 9.971254
rotation_euler_angle: 2.5132742 4.712389 0.0
rotation_rotation_matrix: -0.80901706 -7.0092683e-9 -0.5877852 0.5877852 -9.647432e-9 -0.80901706 -0.0 -1.0 1.1924881e-8

conformation_96[7]
grid_bias: 0 -9 -19
correlation_value: 4705.9478
geometry_correlation_value: 3843.016
pairwise_correlation_value: 290.9694
coords_bias: 19.025635 8.446292 -4.6328564
rotation_euler_angle: 3.3510323 0.7330383 0.5235988
rotation_rotation_matrix: -0.7698463 0.6228821 -0.13912015 -0.54350954 -0.5255625 0.6545085 0.3345653 0.5794841 0.7431448

conformation_97[7]
grid_bias: -13 -37 -21
correlation_value: 4705.4063
geometry_correlation_value: 11050.98
pairwise_correlation_value: -196.3656
coords_bias: -11.502798 -7.24427 -7.3302364
rotation_euler_angle: 1.3613569 0.7330383 0.9424778
rotation_rotation_matrix: -0.4658714 -0.5954683 0.65450853 0.69994074 -0.7005203 -0.13912006 0.541338 0.3933051 0.7431448

conformation_98[7]
grid_bias: 13 -40 -22
correlation_value: 4704.5107
geometry_correlation_value: 5835.717
pairwise_correlation_value: -234.44525
coords_bias: 13.613466 -1.296668 30.856663
rotation_euler_angle: 1.2566371 2.4085546 2.9321532
rotation_rotation_matrix: -0.15531793 -0.75557643 0.6363809 -0.9780195 2.6890427e-2 -0.20677267 0.13911998 -0.65450835 -0.7431449

conformation_99[7]
grid_bias: -4 -24 -14
correlation_value: 4701.9443
geometry_correlation_value: 10313.257
pairwise_correlation_value: -195.08414
coords_bias: -9.110201 -4.941003 8.215517
rotation_euler_angle: 4.9218287 5.2359877 2.9321532
rotation_rotation_matrix: -0.10168447 -0.5216136 0.8471007 0.9783864 0.10168396 0.18005703 -0.18005675 0.84710073 0.4999999

conformation_100[7]
grid_bias: 14 -34 -26
correlation_value: 4701.15
geometry_correlation_value: 13243.248
pairwise_correlation_value: -59.337646
coords_bias: 23.035814 18.450254 9.58781
rotation_euler_angle: 0.0 1.7802359 0.41887903
rotation_rotation_matrix: 0.9135454 -0.40673664 0.0 -8.456533e-2 -0.18993683 -0.97814757 0.39784846 0.8935822 -0.20791174

conformation_101[7]
grid_bias: 12 -45 -9
correlation_value: 4700.51
geometry_correlation_value: 7629.4385
pairwise_correlation_value: -426.54358
coords_bias: 5.293844 -4.063287 32.22907
rotation_euler_angle: 1.2566371 1.7802359 3.0368729
rotation_rotation_matrix: -0.28665513 -0.2289537 0.93027365 -0.95256233 -3.551621e-2 -0.3022642 0.102244295 -0.97278917 -0.20791174

conformation_102[7]
grid_bias: -6 -34 -25
correlation_value: 4698.2754
geometry_correlation_value: 7996.253
pairwise_correlation_value: -15.621391
coords_bias: 6.7305813 17.243994 18.293964
rotation_euler_angle: 3.3510323 4.5029497 0.31415927
rotation_rotation_matrix: -0.9436316 0.26115268 0.20336843 -0.13489166 0.25766283 -0.95677274 -0.30226424 -0.9302737 -0.20791145

conformation_103[7]
grid_bias: -20 -2 -33
correlation_value: 4696.9736
geometry_correlation_value: 307.5129
pairwise_correlation_value: -270.91376
coords_bias: 5.6776047e-2 46.78871 13.084615
rotation_euler_angle: 6.178466 2.1991148 2.1991148
rotation_rotation_matrix: -0.6342713 -0.7684716 -8.456507e-2 -0.41148308 0.42816386 -0.80458516 0.65450853 -0.4755282 -0.5877852

conformation_104[7]
grid_bias: 18 -34 -24
correlation_value: 4696.951
geometry_correlation_value: 15422.76
pairwise_correlation_value: 196.9342
coords_bias: 25.03077 17.945395 8.710116
rotation_euler_angle: 0.10471976 1.6755161 0.5235988
rotation_rotation_matrix: 0.86674434 -0.4877986 0.10395585 3.8546354e-2 -0.14229268 -0.9890738 0.49726096 0.8612812 -0.10452851

conformation_105[7]
grid_bias: 13 -15 -25
correlation_value: 4694.5625
geometry_correlation_value: 13954.221
pairwise_correlation_value: 43.09331
coords_bias: 19.735151 -9.091059 5.240581
rotation_euler_angle: 2.7227137 1.5707964 0.5235988
rotation_rotation_matrix: -0.7911536 0.45677277 0.40673658 0.35224423 -0.20336826 0.9135455 0.5 0.8660254 -4.371139e-8

conformation_106[7]
grid_bias: -8 -31 -4
correlation_value: 4690.942
geometry_correlation_value: 7062.481
pairwise_correlation_value: 96.574005
coords_bias: 28.957844 -4.918391 31.367098
rotation_euler_angle: 1.2566371 4.817109 2.1991148
rotation_rotation_matrix: -0.26206228 -0.19156659 -0.9458465 -0.5328847 -0.7884071 0.30732414 -0.8045851 0.5845652 0.10452884

conformation_107[7]
grid_bias: 26 -25 -37
correlation_value: 4688.8467
geometry_correlation_value: 8727.996
pairwise_correlation_value: 22.41272
coords_bias: 53.052956 -1.6238604 16.630516
rotation_euler_angle: 1.5707964 3.874631 0.0
rotation_rotation_matrix: -4.371139e-8 0.7431448 -0.6691306 1.0 3.2483893e-8 -2.9248628e-8 -0.0 -0.6691306 -0.7431448

conformation_108[7]
grid_bias: 9 -28 -32
correlation_value: 4687.6797
geometry_correlation_value: 8711.234
pairwise_correlation_value: -245.06476
coords_bias: 19.299109 -13.44039 22.09351
rotation_euler_angle: 3.1415927 2.7227137 1.6755161
